{
 "cells": [
  {
   "cell_type": "code",
   "execution_count": 12,
   "metadata": {},
   "outputs": [],
   "source": [
    "import pickle\n",
    "import matplotlib.pyplot as plt\n",
    "from geometry_msgs.msg import Pose, PoseStamped\n",
    "from src.ur10e_custom_control.ur10e_custom_control.ur_exercise_qt import Exercise\n",
    "import transforms3d\n",
    "import numpy as np\n",
    "from mpl_toolkits.mplot3d import Axes3D\n",
    "from geometry_msgs.msg import Vector3, Quaternion\n",
    "from dataclasses import asdict"
   ]
  },
  {
   "cell_type": "code",
   "execution_count": 13,
   "metadata": {},
   "outputs": [],
   "source": [
    "with open(\"circular_ee_traj_real.exercise\", \"rb\") as fp:\n",
    "    mock_exercise: Exercise = Exercise(**pickle.load(fp))"
   ]
  },
  {
   "cell_type": "code",
   "execution_count": 14,
   "metadata": {},
   "outputs": [],
   "source": [
    "def extract_positions_orientations(poses: list[PoseStamped], decimation: int = 1):\n",
    "    x_vals, y_vals, z_vals = [], [], []\n",
    "    frames = []  # Store coordinate frame data\n",
    "    \n",
    "    for i in range(len(poses)):\n",
    "        if i % decimation != 0:\n",
    "            continue\n",
    "        # Extract position\n",
    "        x_vals.append(poses[i].pose.position.x)\n",
    "        y_vals.append(poses[i].pose.position.y)\n",
    "        z_vals.append(poses[i].pose.position.z)\n",
    "\n",
    "        # Convert quaternion to rotation matrix\n",
    "        quat = [poses[i].pose.orientation.x, poses[i].pose.orientation.y, poses[i].pose.orientation.z, poses[i].pose.orientation.w]\n",
    "        rot_matrix = transforms3d.quaternions.quat2mat(quat)[:3, :3]  # Extract 3x3 rotation\n",
    "        \n",
    "        frames.append((poses[i].pose.position.x, poses[i].pose.position.y, poses[i].pose.position.z, rot_matrix))\n",
    "    \n",
    "    return x_vals, y_vals, z_vals, frames\n"
   ]
  },
  {
   "cell_type": "code",
   "execution_count": 15,
   "metadata": {},
   "outputs": [],
   "source": [
    "x_vals, y_vals, z_vals, frames = extract_positions_orientations(mock_exercise.poses)"
   ]
  },
  {
   "cell_type": "code",
   "execution_count": 16,
   "metadata": {},
   "outputs": [],
   "source": [
    "# Plot 3D Visualization\n",
    "%matplotlib inline\n",
    "def plot_3d(x_vals, y_vals, z_vals, frames):\n",
    "    fig = plt.figure(figsize=(8, 6))\n",
    "    ax = fig.add_subplot(111, projection='3d')\n",
    "    ax.scatter(x_vals, y_vals, z_vals, color='blue', label=\"Positions\")\n",
    "\n",
    "    # Plot frames (X, Y, Z axes)\n",
    "    frame_scale = 0.01\n",
    "    for x, y, z, rot_matrix in frames:\n",
    "        for i, color in enumerate(['r', 'g', 'b']):  # X (red), Y (green), Z (blue)\n",
    "            ax.quiver(x, y, z, \n",
    "                    rot_matrix[0, i] * frame_scale, \n",
    "                    rot_matrix[1, i] * frame_scale, \n",
    "                    rot_matrix[2, i] * frame_scale, \n",
    "                    color=color)\n",
    "\n",
    "    ax.set_xlabel(\"X Position\")\n",
    "    ax.set_ylabel(\"Y Position\")\n",
    "    ax.set_zlabel(\"Z Position\")\n",
    "    # Function to set equal axes in 3D\n",
    "    def set_axes_equal(ax):\n",
    "        \"\"\"Set equal scale for all axes in a 3D plot.\"\"\"\n",
    "        limits = np.array([ax.get_xlim(), ax.get_ylim(), ax.get_zlim()])\n",
    "        span = limits[:,1] - limits[:,0]\n",
    "        center = np.mean(limits, axis=1)\n",
    "        radius = 0.5 * max(span)\n",
    "        ax.set_xlim(center[0] - radius, center[0] + radius)\n",
    "        ax.set_ylim(center[1] - radius, center[1] + radius)\n",
    "        ax.set_zlim(center[2] - radius, center[2] + radius)\n",
    "\n",
    "    # Apply equal axes\n",
    "    set_axes_equal(ax)\n",
    "    ax.set_title(\"3D Pose Visualization\")\n",
    "    ax.legend()"
   ]
  },
  {
   "cell_type": "code",
   "execution_count": 17,
   "metadata": {},
   "outputs": [],
   "source": [
    "def transform_poses(poses: list[PoseStamped], decimation: int = 1) -> list[PoseStamped]:\n",
    "    transformed_poses = []\n",
    "    headers = [pose.header for pose in poses]\n",
    "    for i in range(len(poses)-1):\n",
    "        t1 = poses[i].pose\n",
    "        t2 = poses[i+1].pose\n",
    "\n",
    "        v = np.array([\n",
    "            t2.position.x - t1.position.x,\n",
    "            t2.position.y - t1.position.y,\n",
    "            t2.position.z - t1.position.z\n",
    "        ])\n",
    "\n",
    "        u = v / np.linalg.norm(v)\n",
    "\n",
    "        # TODO(george): why does this work...\n",
    "        r = np.cross(u, np.array([0, 0, +1]).T)\n",
    "        if np.any(np.isnan(r)):\n",
    "            q_new = Quaternion(w=1.0,x=0.0,y=0.0,z=0.0)\n",
    "        else:\n",
    "            theta = np.arccos(np.dot(u, np.array([0, 0, +1]).T))\n",
    "            _q = transforms3d.quaternions.axangle2quat(r, theta)\n",
    "            q_new = Quaternion(w=_q[0], x=_q[1], y=_q[2], z=_q[3])\n",
    "\n",
    "        if i % decimation == 0:\n",
    "            transformed_poses.append(\n",
    "                PoseStamped(\n",
    "                    pose = Pose(\n",
    "                        position = t1.position,\n",
    "                        orientation = q_new\n",
    "                    ),\n",
    "                    header = headers[i]\n",
    "                )\n",
    "            )\n",
    "\n",
    "    transformed_poses.append(poses[-1])\n",
    "    return transformed_poses"
   ]
  },
  {
   "cell_type": "code",
   "execution_count": 18,
   "metadata": {},
   "outputs": [],
   "source": [
    "%matplotlib qt\n",
    "plot_3d(*extract_positions_orientations(mock_exercise.poses, decimation = 5))"
   ]
  },
  {
   "cell_type": "code",
   "execution_count": 19,
   "metadata": {},
   "outputs": [],
   "source": [
    "%matplotlib qt\n",
    "plot_3d(*extract_positions_orientations(transform_poses(mock_exercise.poses, decimation = 20)))"
   ]
  },
  {
   "cell_type": "code",
   "execution_count": 20,
   "metadata": {},
   "outputs": [
    {
     "data": {
      "text/plain": [
       "([0.23363045297248056,\n",
       "  0.23360760762496385,\n",
       "  0.23359499444126844,\n",
       "  0.23358916821081793,\n",
       "  0.25954762921317,\n",
       "  0.3045901076071455,\n",
       "  0.3490092165624277,\n",
       "  0.3923526382099447,\n",
       "  0.4343099995027887,\n",
       "  0.4749299900717959,\n",
       "  0.5091420700229046,\n",
       "  0.5092224915155811,\n",
       "  0.5092357970404098,\n",
       "  0.5092314739845781,\n",
       "  0.5092464881479422,\n",
       "  0.5092358783843022],\n",
       " [0.8363340006158643,\n",
       "  0.8363375509598783,\n",
       "  0.8363322992727998,\n",
       "  0.8363362988330503,\n",
       "  0.8286580908287056,\n",
       "  0.8131679408214324,\n",
       "  0.7951211718620408,\n",
       "  0.7746476029937599,\n",
       "  0.7519438630563346,\n",
       "  0.7269544566599943,\n",
       "  0.7034164815995949,\n",
       "  0.703354347892041,\n",
       "  0.7033490789822603,\n",
       "  0.7033423362921714,\n",
       "  0.7033514468462619,\n",
       "  0.7033518802771762],\n",
       " [0.3928477009870359,\n",
       "  0.3928510558866176,\n",
       "  0.39284885692177907,\n",
       "  0.3928081174799963,\n",
       "  0.39285234692943505,\n",
       "  0.3928402619585485,\n",
       "  0.3928388564825683,\n",
       "  0.3928387135758401,\n",
       "  0.39285344766886005,\n",
       "  0.3928221215221248,\n",
       "  0.3928417254693101,\n",
       "  0.3928535026922546,\n",
       "  0.39281790154043095,\n",
       "  0.39286508293077127,\n",
       "  0.3928243292812409,\n",
       "  0.3928134926918947],\n",
       " [(0.23363045297248056,\n",
       "   0.8363340006158643,\n",
       "   0.3928477009870359,\n",
       "   array([[ 0.74833767,  0.30250886,  0.59032121],\n",
       "          [-0.30250886, -0.63637145,  0.70959127],\n",
       "          [ 0.59032121, -0.70959127, -0.38470912]])),\n",
       "  (0.23360760762496385,\n",
       "   0.8363375509598783,\n",
       "   0.3928510558866176,\n",
       "   array([[-0.50641702,  0.83781231, -0.20399099],\n",
       "          [-0.83781231, -0.5340404 , -0.11345209],\n",
       "          [-0.20399099,  0.11345209,  0.97237662]])),\n",
       "  (0.23359499444126844,\n",
       "   0.8363322992727998,\n",
       "   0.39284885692177907,\n",
       "   array([[ 0.20427698,  0.41994155, -0.88426241],\n",
       "          [-0.41994155, -0.77837652, -0.46666807],\n",
       "          [-0.88426241,  0.46666807,  0.01734651]])),\n",
       "  (0.23358916821081793,\n",
       "   0.8363362988330503,\n",
       "   0.3928081174799963,\n",
       "   array([[-0.22506654,  0.14064556, -0.96413893],\n",
       "          [-0.14064556, -0.98385298, -0.11068938],\n",
       "          [-0.96413893,  0.11068938,  0.24121356]])),\n",
       "  (0.25954762921317,\n",
       "   0.8286580908287056,\n",
       "   0.39285234692943505,\n",
       "   array([[ 0.00627965,  0.30374579, -0.95273242],\n",
       "          [-0.30374579, -0.90715546, -0.29121721],\n",
       "          [-0.95273242,  0.29121721,  0.08656489]])),\n",
       "  (0.3045901076071455,\n",
       "   0.8131679408214324,\n",
       "   0.3928402619585485,\n",
       "   array([[ 0.00494977,  0.34724428, -0.93776165],\n",
       "          [-0.34724428, -0.87882161, -0.32725219],\n",
       "          [-0.93776165,  0.32725219,  0.11622862]])),\n",
       "  (0.3490092165624277,\n",
       "   0.7951211718620408,\n",
       "   0.3928388564825683,\n",
       "   array([[-5.55895377e-04,  4.03232307e-01, -9.15097480e-01],\n",
       "          [-4.03232307e-01, -8.37494043e-01, -3.68791858e-01],\n",
       "          [-9.15097480e-01,  3.68791858e-01,  1.63061853e-01]])),\n",
       "  (0.3923526382099447,\n",
       "   0.7746476029937599,\n",
       "   0.3928387135758401,\n",
       "   array([[-0.00643837,  0.44915944, -0.89342842],\n",
       "          [-0.44915944, -0.79954639, -0.39872467],\n",
       "          [-0.89342842,  0.39872467,  0.20689198]])),\n",
       "  (0.4343099995027887,\n",
       "   0.7519438630563346,\n",
       "   0.39285344766886005,\n",
       "   array([[ 0.00356041,  0.50592007, -0.86257301],\n",
       "          [-0.50592007, -0.74313032, -0.43795229],\n",
       "          [-0.86257301,  0.43795229,  0.25330927]])),\n",
       "  (0.4749299900717959,\n",
       "   0.7269544566599943,\n",
       "   0.3928221215221248,\n",
       "   array([[-0.00564173,  0.54632776, -0.83755248],\n",
       "          [-0.54632776, -0.70320044, -0.45501112],\n",
       "          [-0.83755248,  0.45501112,  0.30244129]])),\n",
       "  (0.5091420700229046,\n",
       "   0.7034164815995949,\n",
       "   0.3928417254693101,\n",
       "   array([[-0.00841193, -0.64582163, -0.76344198],\n",
       "          [ 0.64582163, -0.58639364,  0.48893447],\n",
       "          [-0.76344198, -0.48893447,  0.42201828]])),\n",
       "  (0.5092224915155811,\n",
       "   0.703354347892041,\n",
       "   0.3928535026922546,\n",
       "   array([[-0.51937564,  0.06177499, -0.85231027],\n",
       "          [-0.06177499, -0.99748834, -0.03465335],\n",
       "          [-0.85231027,  0.03465335,  0.52188729]])),\n",
       "  (0.5092357970404098,\n",
       "   0.7033490789822603,\n",
       "   0.39281790154043095,\n",
       "   array([[-0.84110628,  0.22990465, -0.48957541],\n",
       "          [-0.22990465, -0.97129109, -0.0611348 ],\n",
       "          [-0.48957541,  0.0611348 ,  0.86981518]])),\n",
       "  (0.5092314739845781,\n",
       "   0.7033423362921714,\n",
       "   0.39286508293077127,\n",
       "   array([[ 0.95173104, -0.24828047,  0.18045727],\n",
       "          [ 0.24828047,  0.27707737, -0.928216  ],\n",
       "          [ 0.18045727,  0.928216  ,  0.32534632]])),\n",
       "  (0.5092464881479422,\n",
       "   0.7033514468462619,\n",
       "   0.3928243292812409,\n",
       "   array([[ 0.71425384, -0.028568  ,  0.69930346],\n",
       "          [ 0.028568  , -0.99714386, -0.06991416],\n",
       "          [ 0.69930346,  0.06991416, -0.7113977 ]])),\n",
       "  (0.5092358783843022,\n",
       "   0.7033518802771762,\n",
       "   0.3928134926918947,\n",
       "   array([[-0.99500311, -0.06424845, -0.07642609],\n",
       "          [-0.08921161,  0.91581281,  0.39157142],\n",
       "          [ 0.04483413,  0.39643288, -0.91696831]]))])"
      ]
     },
     "execution_count": 20,
     "metadata": {},
     "output_type": "execute_result"
    }
   ],
   "source": [
    "extract_positions_orientations(transform_poses(mock_exercise.poses, decimation = 20))"
   ]
  },
  {
   "cell_type": "code",
   "execution_count": 21,
   "metadata": {},
   "outputs": [],
   "source": [
    "modified_exercise = Exercise(\n",
    "    name = mock_exercise.name,\n",
    "    poses = transform_poses(mock_exercise.poses, decimation = 1)[50:],\n",
    "    joint_angles = mock_exercise.joint_angles,\n",
    "    duration = mock_exercise.duration\n",
    ")"
   ]
  },
  {
   "cell_type": "code",
   "execution_count": 22,
   "metadata": {},
   "outputs": [],
   "source": [
    "with open(\"circular_ee_traj_real_modified.exercise\", \"wb\") as fp:\n",
    "    pickle.dump(asdict(modified_exercise), fp)"
   ]
  }
 ],
 "metadata": {
  "kernelspec": {
   "display_name": "Python 3",
   "language": "python",
   "name": "python3"
  },
  "language_info": {
   "codemirror_mode": {
    "name": "ipython",
    "version": 3
   },
   "file_extension": ".py",
   "mimetype": "text/x-python",
   "name": "python",
   "nbconvert_exporter": "python",
   "pygments_lexer": "ipython3",
   "version": "3.10.12"
  }
 },
 "nbformat": 4,
 "nbformat_minor": 2
}
